  0.935570156313004      -2.956143458851505E-002 -9.642503500342770E-006
  1.514250261119158E-005 -7.707455008410674E-006  1.614798747174097E-006
 -1.618896976830213E-006  2.248096814238611E-006  2.374665200305342E-006
 -5.312013438148297E-006 -1.744744273333676E-006  5.864463756805966E-006
  1.869933673784465E-006 -2.567564264370471E-006 -1.599623429992339E-006
  9.138241493888009E-007  3.448909889896840E-007  4.172768240891413E-007
  2.335149359348572E-004  1.523385651174873E-007 -2.392308268854616E-007
  1.217660113643858E-007 -2.551143929993837E-008  2.557638140628705E-008
 -3.551568871588581E-008 -1.723492502224541E-006  1.409636819055906E-006
  8.603513787032548E-007 -1.858562388638268E-007  6.547998552085254E-007
  7.339893130656291E-008 -5.486925873622338E-010 -3.065750629401197E-008
 -3.633118927660179E-009 -1.992132668562740E-008  2.523105927425158E-011
 -7.846057827722305E-011  3.917889290424851E-011 -8.563822447337694E-012
  8.568280255487823E-012 -1.147120570141662E-011 -9.147718351813770E-007
 -1.927564849354074E-007 -6.315635621971630E-007 -4.088272567787415E-007
 -2.609274694882833E-007  1.782842595030825E-008  3.763243010712912E-009
  1.229633295925406E-008  7.959479801761474E-009  5.079376297014905E-009
  6.204044891386057E-011 -6.242934921357753E-011  1.323866938537868E-011
 -1.349227658398439E-011  1.837918785108221E-011  8.787631159266327E-007
  1.219144750460840E-006  9.596050466828545E-008 -1.037130816249972E-007
 -8.524734975958551E-007 -1.713468078260547E-008 -2.375973477058114E-008
 -1.861601535205818E-009  2.023506657553041E-009  1.660757997104106E-008
  1.678183821639591E-011 -6.306780097568019E-012  6.494980667561779E-012
 -9.314317862540046E-012  8.283838332023942E-007 -1.124572621130662E-006
  1.151921547120881E-006 -2.223996817769301E-007 -4.703734192977460E-007
 -1.612259612148928E-008  2.191038052475594E-008 -2.243987117916767E-008
  4.329405563544684E-009  9.159769569917989E-009  7.919190758158032E-013
 -1.514049569811837E-012  2.145730956585563E-012  2.009940454690167E-007
  1.071877385233817E-007  5.291847934269874E-007 -1.928053451976021E-007
  5.230854337892992E-008 -3.916528090602228E-009 -2.089178019126301E-009
 -1.030625223437796E-008  3.755426249846681E-009 -1.018260013583615E-009
  7.674410679054233E-013 -2.034607073430357E-012 -3.243023252202543E-007
 -2.650210948904723E-007 -2.477367603250857E-007  6.010538869843539E-008
  1.480617471427307E-007  6.318063044005388E-009  5.163438306370386E-009
  4.824370717617220E-009 -1.170995584551841E-009 -2.884327472140460E-009
  1.701825252769621E-012 -5.759534687061039E-007  5.330735536967821E-007
  6.966496238242799E-007 -5.080811124110372E-007 -1.176828818572942E-007
  1.121390029331319E-008 -1.038463797570980E-008 -1.356775864859559E-008
  9.895723665854614E-009  2.292702148835014E-009  0.977167477347634     
  6.909170213280220E-007  5.654424826840637E-007  8.497292895000079E-008
  3.032189676270006E-007 -3.806117532962587E-002 -5.559144970151661E-007
  2.004353325334373E-007 -1.175179120173883E-007  4.651200881827834E-007
  0.977169360632694      -1.840452733367042E-007  3.916027692107201E-007
 -1.915120959482786E-007 -3.694240188096472E-008 -3.806508987491378E-002
  3.080899176601777E-007  1.675361937724495E-007  2.708898967906095E-007
  0.977169603891510      -1.933842189917459E-007 -2.210994389619325E-007
  4.326969088079419E-008  2.483379542383302E-007 -3.806495518136370E-002
  4.121326969823525E-007  3.190643007508324E-007  0.977167841766122     
  4.221814999624041E-007 -3.673767295495145E-007  8.617261498167289E-008
  3.694967531040837E-007 -3.806099803178969E-002 -7.450271665277749E-008
  0.977169199423973       3.301808377666014E-007  3.750718440256065E-007
 -1.093921302835028E-007  2.546842920398135E-007 -3.806438445312067E-002
  3.706255856709808E-004  1.128637965187674E-008 -4.962062052307240E-009
  9.410618691724933E-009 -1.560483019837507E-008  3.707011110585354E-004
 -1.076869508519941E-008 -5.090193233297910E-009 -1.250926263423313E-008
  3.706983947007722E-004 -1.514960782488163E-008 -3.999678656482826E-009
  3.706219929059936E-004 -3.669465915394219E-009  3.706874319362446E-004
  6.367544030826360E-007 -1.391303150570303E-008  8.765485274020565E-012
  1.956448567161533E-011 -2.165873144905897E-013  1.007787116250738E-011
  3.925661734381783E-012 -1.312601977995805E-011  1.685948930723993E-006
 -6.173416326761860E-006 -5.524181856416600E-006 -1.178001681781689E-005
  6.108560194822939E-006 -1.982446813473926E-008  7.256737475330081E-008
  6.493227917476683E-008  1.384866520810689E-007 -7.178986348336461E-008
  7.841150681060039E-011  4.735146640420768E-012 -8.488773380725271E-012
 -2.251695630161786E-012  1.618249383204995E-014  5.028351084148032E-013
  3.777888387407460E-013 -1.288196733039136E-007  2.675812746732216E-006
 -3.638199181616991E-008  6.648317028237698E-007 -1.623806043542356E-006
  1.514869039769871E-009 -3.145872660739672E-008  4.276650175771244E-010
 -7.815841309772688E-009  1.908992004905190E-008  9.914043369070220E-012
 -7.879973562686726E-012 -1.186553324051722E-011 -9.836456720831577E-013
 -5.200763914387010E-013  3.968135307744246E-012 -3.583705838689520E-006
  2.126463939466134E-006 -1.539933135758773E-007 -3.193814001538065E-006
 -3.408066860624567E-006  4.212911701466754E-008 -2.499898339192705E-008
  1.809282128048600E-009  3.754718598909627E-008  4.007040221635471E-008
  1.087850387642909E-011  4.692019581773035E-012 -1.503265603492862E-012
 -5.917860652198182E-013 -2.038950473486583E-013 -4.855446501890900E-007
 -6.365682855770862E-006 -1.135546562030091E-006  9.461507275180309E-007
  2.749361615545169E-007  5.707050323304626E-009  7.483936136768721E-008
  1.335056470085789E-008 -1.112179293187702E-008 -3.231079047791537E-009
  4.899712098114284E-012  1.483909761668863E-012  1.250063037345850E-012
 -3.250377998441670E-012  1.338019027148188E-006 -7.311119019301361E-007
 -1.776916168289873E-006  2.690626985579917E-006  2.579468279446106E-006
 -1.572980406046174E-008  8.594270656052552E-009  2.089245287474633E-008
 -3.163209982962669E-008 -3.032907837199121E-008  3.974225758648333E-013
  3.594619803558177E-013 -6.573730003183847E-013 -2.601461187222677E-007
  6.150077670030744E-007 -2.601917846946432E-007  2.614923749195236E-007
  9.946967774128361E-007  3.058141689724067E-009 -7.230717044855838E-009
  3.059508307672792E-009 -3.074741637854271E-009 -1.169543818444198E-008
  1.997312983524303E-013 -4.808442909456836E-013 -9.257203159030750E-008
  3.791556234806340E-007 -5.749207953880094E-007  5.283682539513768E-007
  1.664932530128784E-007  1.088190469169400E-009 -4.457860296074378E-009
  6.759550454715200E-009 -6.211763122311809E-009 -1.958080792085493E-009
  6.089352611294989E-013 -4.360949805784386E-007 -1.666245058342689E-007
  3.398701174032849E-007 -1.089181573276573E-006 -9.422337698027004E-007
  5.126632300050977E-009  1.959428239599880E-009 -3.996328608609023E-009
  1.280492402866654E-008  1.107889055142027E-008  0.988596825865393     
  9.032220699867102E-007 -1.885910343872456E-007  2.529657683920847E-006
 -9.332203230511692E-007 -2.324330644118415E-002  2.375351144047661E-008
 -1.045739160151895E-007  2.737566924746368E-007  4.361914005879266E-007
  0.988599429392025      -8.559013455273184E-007 -1.923069437421727E-006
  3.399337642135154E-008  1.968993541992105E-007 -2.324544024234910E-002
  1.349933625215135E-007 -4.479134245040319E-007 -7.088679685632433E-007
  0.988598462488527       5.637323630105474E-007 -8.003062759761042E-008
  4.970314615137255E-007  1.322494549828037E-007 -2.324607072617885E-002
  9.780884101461140E-008  1.424587119315239E-007  0.988597513594616     
 -6.381287729625154E-007  1.941459882852877E-007 -5.895955653146759E-007
  2.761968494117560E-007 -2.324414112654528E-002 -1.380582317549467E-006
  0.988598154191439      -1.649909080796919E-007 -2.398144584052415E-007
  6.397905109146515E-007 -7.994945144982889E-007 -2.324651281391480E-002
  1.366207336885950E-004 -2.718987308497741E-009 -4.588246580798647E-009
 -5.850160391971675E-009 -3.059098815682968E-009  1.366454593346989E-004
 -3.023811226196013E-009  1.246326800654719E-008  1.114930635643158E-008
  1.366530055493333E-004 -4.475174621132703E-009 -9.186319142815196E-009
  1.366304512849388E-004  2.571864053774914E-008  1.366582464134931E-004
